55
-21
13
49
24
61
-7
19
4
-34
17
75
94
-53
52
-93
-29
83
49
-10
74
43
-53
-60
-12
-14
-2
70
-100
-43
38
-41
18
-50
21
-13
73
-42
-82
95
-32
-31
85
54
15
-47
69
-57
-27
19
-57
-34
-80
-78
-48
-44
-20
-91
-14
58
-37
-9
94
32
-47
-94
97
-49
100
-71
-77
69
-22
57
-2
-99
-29
-30
-28
-54
40
7
-19
-15
7
76
-26
-60
-64
-41
53
69
-11
82
45
-1
53
-90
-51
54
-68
-53
32
-45
-60
-63
-39
39
-41
48
16
-89
-29
-89
94
-12
-89
92
-7
75
53
-64
90
-29
67
30
-93
30
97
57
16
-59
81
-18
-5
-15
-52
58
-90
61
10
-96
-27
-65
-83
-100
75
19
-95
25
72
-25
-46
-36
37
98
-23
-40
-20
-98
59
-64
78
37
-60
24
-73
-2
-41
36
-8
99
68
54
-47
55
-68
-10
36
26
-86
-16
12
14
25
58
-67
-47
66
22
24
-27
-25
15
-80
-86
-2
-13
-37
-20
-1
-95
25
-54
38
-79
65
45
61
37
20
16
-24
-65
-64
-20
49
-23
-31
79
26
-95
-68
36
39
-50
-25
71
-93
61
57
-97
89
44
43
7
29
-25
-7
-44
-42
71
-60
20
-93
1
79
49
19
-54
56
-10
-20
-83
56
-69
-29
-29
-17
40
72
-77
-46
82
-74
-82
-26
-37
64
39
-77
40
56
34
-53
-61
63
-68
-91
50
86
66
-73
-51
-86
59
-100
97
-77
58
8
90
17
88
28
88
69
75
50
7
26
-67
-29
-100
-84
-82
69
-79
54
77
-57
-51
10
-83
-10
-9
20
-25
-50
-27
73
-67
-77
44
24
-93
70
80
-98
-4
-71
61
-11
-27
12
42
-89
-55
52
-95
-40
54
94
-96
48
-28
-70
92
79
-34
-74
23
58
-44
-77
-7
-46
-4
-93
-74
61
1
66
87
-96
-76
49
17
-36
-78
-30
-54
31
1
-85
34
-75
20
-54
-12
-66
90
-73
-39
100
-13
-33
-73
6
-50
81
-18
-22
-21
-22
-53
-31
9
39
-42
67
1
69
-48
-50
92
-44
65
-6
-80
-90
-98
-38
-78
91
-100
-29
89
37
79
41
61
30
-26
-18
-78
79
-72
19
-80
30
35
73
-54
-61
22
-91
-10
-54
11
39
83
-30
71
51
60
-99
-11
-60
7
-52
62
76
-76
52
-1
17
-20
-19
73
-72
40
-18
-90
58
26
-33
-48
-62
-11
3
6
-54
59
-30
-45
27
88
100
-80
-3
-27
-7
-68
53
-97
92
28
-85
89
18
-93
12
68
80
41
53
54
21
-21
-85
-7
63
-31
23
89
31
-38
89
-88
-18
9
-46
-91
-99
3
7
-30
2
18
21
43
75
94
-10
-41
-86
-19
95
47
-92
94
90
-81
96
-5
89
-15
59
-22
-18
63
17
34
-77
76
100
98
-62
84
-42
-60
-62
88
56
34
-47
-28
-98
99
-69
36
-63
-84
-15
-36
48
48
53
83
-67
-5
24
6
81
-42
27
18
-86
-4
-95
8
12
-24
-78
49
65
-16
-84
-16
23
13
88
-19
41
3
-14
-41
-7
-15
-26
-97
-4
88
38
-22
-83
69
-39
99
38
-91
-22
65
-72
0
76
14
-66
7
-27
-64
79
67
-90
-38
36
22
-33
-76
17
-15
36
1
21
-40
62
-43
-8
-41
-51
-74
-81
-85
40
-98
-87
21
-59
-77
91
-10
-1
76
19
59
56
-94
26
-26
-59
8
92
67
-41
-12
-93
-62
27
39
-89
-52
44
-55
1
30
26
42
-52
-7
-17
-80
-93
-51
6
-8
43
-55
56
-75
33
33
61
-38
53
-94
-59
-64
-2
-94
92
-54
78
44
47
-50
71
-29
-23
54
-67
-41
-23
-22
36
69
52
-57
52
-25
-61
-44
41
88
-55
-99
50
-58
-93
69
32
-63
-55
-47
52
1
-73
-44
95
64
-29
9
-38
37
-96
73
32
-2
36
-85
11
83
85
-37
10
-73
-89
100
-21
-29
-5
-53
-92
80
0
-59
43
-24
99
-19
16
98
-43
-78
18
30
-78
-83
-16
-84
34
4
31
20
19
34
-13
-33
28
-35
3
-36
75
-57
-64
75
97
-47
85
-61
-38
-91
61
-52
-13
26
-72
-87
96
85
6
-16
63
-8
-33
49
-69
42
32
0
-24
13
-43
-95
-49
50
74
-100
-52
29
13
-18
-40
-95
48
22
-49
61
20
47
-64
17
71
-39
-35
84
88
-68
54
50
-74
84
-38
-78
73
-98
5
83
98
65
38
86
-5
65
-84
-98
26
42
-75
-19
25
45
46
62
-70
6
-58
71
-6
-90
-51
-46
81
-57
60
91
-20
97
-35
-64
-46
-90
-69
84
20
-34
-71
-13
-53
-16
16
-89
97
50
6
-11
38
-49
51
-69
-97
-3
7
70
67
-65
99
63
-35
-17
-30
-80
-88
-3
-70
15
-100
-50
-94
-36
25
32
-87
17
-73
-16
-60
15
99
19
98
-49
-90
-40
67
56
-92
16
42
18
41
12
73
90
-20
-1
25
37
66
59
-14
99
-80
-36
-70
87
75
82
79
16
78
-56
12
-89
-91
96
46
64
-75
97
-3
62
-17
-72
69
-28
-44
94
-64
-65
9
78
-17
0
-45
93
-55
78
-89
67
-42
-7
-4
-46
-29
-59
33
-48
87
66
50
20
46
-90
51
-78
93
-70
-34
-7
-36
-69
-38
-85
97
-12
-78
77
-34
31
-11
-96
40
-94
98
-48
89
-10
29
49
-76
72
41
-23
37
21
32
41
16
23
64
68
17
-42
-98
-68
34
-87
-73
37
4
43
44
-4
25
94
0
-26
4
-26
16
0
19
-12
-40
38
85
-88
-11
43
-97
100
39
33
71
-44
97
7
-61
71
63
67
71
-94
-85
-68
28
-63
-53
50
51
-14
-37
-98
-4
-11
-62
40
79
43
-39
95
39
44
16
-70
-72
93
-23
94
45
-24
57
-59
-54
-99
85
-85
-78
-46
46
45
-36
10
75
-22
26
72
-9
-5
76
61
-94
-31
-4
46
-75
5
22
51
-83
-2
32
12
-58
-69
23
-83
-59
-84
-98
57
83
-53
-44
-5
83
43
81
-92
-33
-74
62
-45
-89
66
-15
49
-52
-64
-10
-1
98
-9
-29
37
-26
12
24
-87
89
-5
-64
-85
56
-44
14
76
35
-11
-68
84
-22
13
-89
-74
-1
82
42
48
-32
10
-91
-41
-14
31
-64
-51
-77
62
23
50
-30
63
-48
18
68
-3
99
9
100
-57
34
-18
-39
28
-21
38
39
74
-60
43
-78
64
-26
-40
61
-46
-92
76
-49
-84
98
-93
-8
78
88
14
-17
67
-95
-44
55
-92
91
-65
61
83
-11
-10
-83
39
80
-60
29
58
89
-58
-44
-86
37
-60
12
68
-73
95
93
-34
-80
-19
75
93
72
71
52
79
91
-89
82
-81
88
46
-60
-6
-85
-32
43
-64
36
12
-56
48
27
-44
-44
46
33
-9
-76
-96
87
27
-68
-71
-6
-86
95
-77
-81
71
-88
88
77
10
68
35
-27
62
100
-58
-25
74
78
39
-70
80
-91
-36
-75
-97
-77
-25
-17
-80
-75
49
100
4
83
94
76
-92
-10
92
-35
5
-54
75
22
-81
-64
40
-38
90
80
-68
-12
-5
-72
25
-88
-33
88
-35
45
22
65
-92
94
73
-93
23
94
-40
28
-61
-64
93
-60
-80
34
-17
-12
38
-4
97
-89
-78
37
59
94
-62
9
62
6
-22
-18
3
93
31
-43
63
-98
31
-6
43
100
89
-30
-21
26
49
-93
-1
46
54
-45
-24
62
-28
51
-73
-14
-2
-62
-66
-32
-40
19
27
-25
-98
12
28
-83
-76
-34
58
14
-62
40
-6
63
-54
97
91
-90
-51
21
-19
48
55
-50
-18
-76
83
-100
41
-50
95
-99
76
11
88
80
5
-90
96
-71
10
11
-68
21
-75
30
-9
2
-71
59
-22
-52
4
-11
77
88
-65
-2
37
30
-88
-37
-82
91
85
-3
-36
-89
91
45
-14
-94
-13
42
52
-77
-92
-47
39
53
-60
-66
72
-95
-6
-3
3
-82
55
-89
72
-42
33
6
-61
56
-18
-82
81
-66
-64
-92
-71
66
72
13
93
-65
-30
53
17
-19
-33
-67
-69
-38
61
-89
32
-46
-71
-31
-11
-79
2
35
-57
-2
52
-2
33
-84
-66
-4
12
40
56
61
91
29
26
54
23
-11
44
6
-65
90
19
96
81
-21
40
31
-27
-3
-10
-30
70
-84
69
57
4
44
28
-51
59
-37
45
-66
10
-74
94
57
51
-98
61
-58
35
-63
-1
-6
-3
-82
-76
-65
-2
20
-92
74
-97
92
17
-16
34
85
-35
10
-3
-66
-52
50
-95
-41
42
12
-93
-89
-3
38
-48
-68
-81
-29
-40
-53
19
-75
-49
-88
38
-61
-26
5
74
62
69
42
66
-1
-53
34
36
34
-68
-20
-94
60
-67
45
0
27
-5
-17
64
-82
59
-48
84
-27
-60
21
-35
43
-28
-99
70
-16
-94
67
48
-66
90
-3
16
-16
-40
82
75
5
5
-48
-99
-1
-97
13
-31
24
-58
-7
-33
-6
24
-42
-37
45
-80
29
7
-40
-30
97
54
-11
-71
-45
84
35
19
-89
-23
-49
4
65
-43
11
-78
-91
63
39
-2
-13
0
-4
77
88
-77
-37
72
-54
-28
-73
-12
96
-13
71
10
-19
-29
-31
77
40
-79
32
68
42
-32
9
-17
43
26
72
-18
88
-6
68
-61
11
-58
17
-13
-5
-90
97
-29
20
45
-29
9
72
-17
57
-52
-97
58
5
-63
-20
-18
11
-79
2
44
-30
83
71
-41
74
-64
87
-40
65
1
-79
-31
45
-31
-77
-19
79
-59
-23
39
17
-10
-86
-65
8
46
-60
-60
55
-48
95
62
55
-62
3
-85
-51
-64
-58
63
-93
7
81
26
23
-93
-21
86
59
-35
51
82
-29
78
38
62
53
90
-75
94
-89
-47
-79
2
100
-100
20
41
-25
-46
12
33
-47
-62
45
-42
9
32
39
97
38
-57
78
59
-15
-33
24
-4
7
-55
1
-41
-37
15
-56
45
-2
-56
86
65
-39
87
-95
-86
-50
12
78
-55
-33
44
-26
49
-36
46
-45
88
-80
27
-14
57
-88
-83
6
-54
23
12
98
-20
49
6
27
-12
65
13
-22
33
-21
4
41
-91
-16
-25
-62
72
69
-8
11
-80
77
-63
-63
-93
54
59
-24
31
-79
-25
17
-60
12
-37
-42
-77
-44
5
95
-82
-20
92
17
-87
-19
81
-82
48
-33
95
-67
-77
-53
-81
99
21
-36
45
64
40
-7
40
34
39
2
77
-24
46
58
-79
-80
-69
-22
-69
-69
-97
-14
49
26
62
-20
94
58
32
-71
-39
56
-70
52
-68
-62
44
-91
18
-47
-22
-55
26
98
17
69
-86
-6
43
34
-92
-15
-67
-13
-21
13
-88
-77
-21
32
55
-61
-48
-65
-16
33
38
-19
16
-46
29
67
65
-18
33
86
-32
68
92
-5
-71
-23
-19
-98
1
-2
-18
-46
24
12
1
-46
-94
77
35
-94
60
38
87
-33
42
48
37
86
-19
-3
28
51
12
-62
-97
13
-17
19
45
-80
22
-81
-74
84
-60
-60
-71
49
24
13
46
14
63
-58
-21
85
-37
-14
-16
67
-8
-46
-69
-43
-96
26
54
73
-39
-25
-13
21
-62
21
41
13
-80
62
48
-53
-84
-5
59
-89
83
-82
-73
90
-15
2
82
-98
20
92
88
-65
11
91
27
-100
-21
-5
-99
55
47
91
20
51
80
83
-44
3
-66
18
-1
-2
34
-27
-41
23
-7
-96
23
-87
-61
-43
51
14
-79
62
21
-66
-62
-84
-70
-53
-76
-26
-30
-32
19
-2
-100
-33
-3
-53
0
-25
57
1
-9
13
-82
-51
-69
-27
91
16
-88
-75
-83
68
68
-58
-70
9
-35
-20
64
-12
-56
49
7
-25
91
26
-83
-97
40
98
98
100
-86
-66
64
-66
12
-83
5
-90
-67
-39
-40
-82
54
1
18
-60
47
14
-57
66
78
78
73
-35
9
68
12
74
-64
79
-40
-39
10
9
94
-28
-79
39
-84
-88
30
-15
-22
25
-2
-56
36
-18
-96
-60
-35
18
-9
-97
57
-1
57
77
21
-12
44
68
34
-13
-20
-21
-89
45
-67
9
89
-28
-77
3
7
-58
-31
-58
-49
54
24
44
26
34
91
-92
99
-59
9
-31
-86
93
-33
34
60
-45
-27
-92
-45
-79
-68
-63
-46
69
77
-72
-53
-49
89
-43
-100
-44
-42
12
95
-38
-77
-49
100
-62
-89
-31
69
26
-39
37
-49
-92
-22
-12
59
72
60
59
22
75
74
-34
72
48
75
67
-25
64
-64
-51
78
-7
9
72
-33
-4
-69
-57
38
-38
-14
99
31
-17
-72
-69
-73
-77
53
-44
59
-71
-24
90
-85
-19
36
100
-8
48
-3
92
97
63
16
89
-79
-51
-84
-48
-39
-72
-24
17
-13
-24
-28
-18
-69
62
9
17
39
-74
72
-17
65
-96
43
4
26
-72
-92
-65
71
-10
49
53
-59
-19
-59
-29
-23
-21
-5
23
4
-21
-91
84
44
59
77
-52
-17
-6
-2
-53
15
33
95
15
43
28
-21
100
-42
-98
74
-41
-62
-82
-36
-38
83
66
67
66
-74
-15
-19
45
47
-78
80
-96
-84
-73
43
86
-1
80
-54
26
92
41
92
-39
-55
-41
-29
38
-98
-28
-81
63
-13
59
14
61
58
-81
77
19
-59
-32
94
-89
46
-73
39
-58
55
-13
65
76
-40
-38
28
11
-61
24
100
40
-32
-26
-100
84
-37
-17
39
-7
-13
100
21
83
-23
30
-26
86
-56
-77
74
-35
-11
-71
-2
38
77
-10
6
-64
-14
-84
68
55
68
-8
-87
63
-63
44
-25
97
62
12
-11
32
16
51
-38
62
-69
50
63
-39
43
-25
91
8
-16
-48
51
18
77
7
2
55
-89
13
15
-49
-75
-6
13
-65
25
-8
-35
63
54
61
67
-68
97
-92
33
-22
80
67
75
38
-62
-81
33
4
-81
-60
-80
46
11
-25
28
99
80
3
36
89
-63
29
-28
-6
-23
-84
100
-80
-33
-6
-67
-48
64
-93
71
29
-86
-74
71
-92
30
-72
-62
-5
64
-93
53
-90
-34
24
42
-95
-43
64
-14
33
-14
-62
91
27
-2
57
83
36
42
-67
-20
-100
41
67
-70
16
-73
-14
-25
29
95
-3
82
57
42
-10
25
-71
-58
79
1
84
-96
98
-72
-73
-42
-52
80
88
-11
77
-87
47
75
-45
94
22
-86
36
-87
-24
-26
-63
-25
-36
-39
-39
-74
-88
-41
-19
3
83
-88
79
17
-55
50
99
-77
-78
-40
6
-48
-23
-61
51
49
63
9
81
74
-31
-58
-28
36
-82
-49
-70
53
84
10
-96
22
20
-94
-17
80
-85
2
77
66
9
76
15
-44
14
-11
-86
54
61
5
52
-8
32
54
14
-47
32
88
-55
-43
-30
5
18
-27
-90
92
58
22
-99
-42
13
82
-71
81
11
-91
-51
35
-51
61
71
-61
91
76
-83
31
-90
62
-97
-61
38
-17
-34
-64
-20
66
-25
9
-3
60
19
89
-22
-98
-51
-31
41
37
-2
-60
35
-100
-62
70
73
66
83
93
-87
5
-57
-72
-50
-5
-99
-99
-59
-7
-11
21
-68
13
-68
20
-83
-26
100
80
41
-99
-74
30
0
62
-38
-96
-79
-39
-15
64
-51
34
100
-54
-46
5
26
-28
17
-72
-25
-25
-59
-14
88
93
-63
75
-89
29
-35
-23
-73
-18
-21
51
95
-42
93
90
-33
-17
78
-17
-16
43
46
-62
-21
28
30
23
-1
-51
69
88
18
-67
-84
72
26
-96
-11
-5
47
53
-84
-43
-45
-20
-84
2
-73
-53
-70
-40
-73
94
43
-82
12
-49
24
28
3
-1
-76
-25
19
14
29
-16
67
-39
-80
-69
-46
-97
-61
60
-1
-28
33
46
-82
96
-33
49
23
55
-25
-38
10
-12
71
10
-71
99
-61
18
36
-52
79
-69
60
80
-17
49
-10
-66
-74
53
1
24
20
-42
-28
-77
45
-75
59
-64
13
4
-37
21
-15
-73
-62
-64
-69
-25
-21
-34
3
-100
91
71
-91
-100
-87
-22
-81
10
-7
-51
84
-29
44
-7
100
-57
100
92
-48
-24
23
-61
-10
-57
-37
-96
51
-24
-54
40
93
-4
33
23
-69
-72
56
35
-7
23
76
12
24
23
72
52
-79
-11
5
45
13
40
41
45
-18
-77
46
24
38
0
14
-22
-59
-14
-35
-12
-12
67
-50
75
-58
22
-46
31
72
-87
-96
-38
-46
-66
62
66
-32
-95
-70
27
-50
69
-93
-13
-44
26
-25
-8
-28
-64
-14
2
2
100
-86
25
-11
-60
-25
-85
13
-71
-19
-32
-25
34
-62
-28
40
47
-31
88
-84
-59
-99
-3
34
-10
5
66
91
-55
-43
61
3
-99
81
-70
-17
5
-22
23
14
-11
-59
55
-1
-4
83
97
-85
-50
56
37
73
-39
-52
32
-47
-97
91
20
-15
-54
63
64
-61
61
8
-39
37
12
-29
45
-86
13
54
-9
77
-84
96
28
-86
74
22
71
40
-97
11
99
-100
-86
-36
-5
28
-11
-50
26
-47
1
-60
-45
-25
9
33
-27
-11
84
-47
-22
31
99
23
76
44
74
83
44
-60
-27
31
-56
-87
-99
51
-79
-59
47
-70
92
-7
-4
-20
40
-77
95
-89
-80
62
-86
-53
45
-45
-75
78
63
-17
-88
-16
47
-29
45
-50
-25
38
-80
55
-82
-69
-30
85
-57
89
85
55
-72
-21
-5
-9
89
17
20
24
-70
48
-9
-80
-43
-78
54
7
-38
-66
-44
79
-81
-9
-3
-3
53
-6
28
-92
95
38
-21
38
86
24
-43
-21
2
-57
-89
92
62
9
-83
8
36
21
-61
15
76
2
30
17
-44
65
21
66
-99
88
44
-92
-45
-74
-25
-28
87
42
45
78
-41
-64
64
-71
-89
2
-27
-67
-83
48
20
2
14
-89
11
-6
47
-11
-81
-11
-15
22
-26
-57
-73
-45
-75
-19
-29
83
-27
3
-76
-79
-5
-43
57
60
62
58
-17
-35
-35
90
31
59
27
65
-60
92
-2
4
-59
-77
-63
-42
-5
-91
22
21
30
37
84
37
-81
39
-14
-39
-86
87
-88
-73
53
-51
-80
66
3
38
87
-96
-7
-61
-74
87
-14
2
-96
5
1
38
58
-62
57
63
66
25
-61
4
-73
-64
12
12
-41
-25
43
-36
80
-54
19
73
-26
-100
21
2
-60
-65
2
-28
-20
-17
-37
25
84
-11
69
-77
7
56
31
59
68
55
-22
84
92
-80
-99
59
-96
87
-19
7
39
-48
-41
-65
98
-23
10
45
-44
95
-92
-62
89
-60
56
35
-63
38
-43
74
-19
69
-6
80
99
-48
-72
-43
75
-46
-16
-16
99
-83
-74
-4
-42
-8
-62
4
-54
-60
31
63
-29
-31
-45
-34
-92
56
-58
10
-23
91
77
77
72
-3
-50
-30
-62
18
34
50
49
99
78
-94
-34
64
-87
-3
12
-92
24
-16
84
-8
90
-12
40
-27
91
-28
84
-7
63
60
-46
73
85
-18
-49
-92
35
57
-50
29
52
91
-76
-82
-40
-88
16
-84
46
-77
-65
-63
24
46
30
-80
13
81
-70
-74
56
35
66
16
51
-69
-15
-60
65
97
50
69
-35
6
43
9
34
-89
84
-62
42
5
-17
20
6
-62
99
-21
85
-34
10
21
-30
-67
100
18
-45
99
-36
-83
46
-33
28
-72
52
-73
80
81
-35
-57
-95
14
15
-70
100
11
-100
-79
78
-26
17
21
-42
8
-82
-97
30
-62
-33
-88
100
-8
-44
80
-97
66
-12
1
-12
43
93
35
-59
20
44
24
-81
51
73
81
-34
-28
-98
-72
15
-28
12
43
-19
-86
7
59
-67
-35
-80
45
47
-94
79
40
92
-86
93
2
11
80
85
26
-82
-26
-59
-28
87
-57
-29
59
-50
-70
-7
-21
87
-21
94
-31
26
-65
63
50
-96
99
-22
-81
27
-29
34
-54
75
32
49
-3
10
95
-22
-15
-52
79
68
-22
-25
89
-38
-28
22
-25
38
32
19
37
-76
-46
46
4
-97
-85
34
-16
85
-4
-71
76
-31
61
-29
62
4
15
-25
-18
95
-73
-12
27
47
-37
-80
-28
-13
-90
33
-62
62
93
77
21
-18
-88
-1
2
18
-1
-15
-44
88
-79
-53
-94
-99
-99
49
-81
-49
-65
-75
30
26
19
-45
20
-7
-7
-96
68
50
-51
-95
-87
-84
-28
15
65
49
40
59
20
-49
-100
58
-66
55
-35
-100
65
25
-32
-21
-40
80
-99
70
-65
59
-81
67
29
9
-33
-77
-77
-19
9
98
-3
-83
-22
-45
-54
42
-65
-90
-96
56
-13
-58
-78
82
-1
45
-19
-19
-13
-52
-71
-58
-62
-45
43
-2
-25
56
-16
100
98
12
99
-70
-70
-63
6
-9
-54
48
-3
26
99
-55
-90
-94
-57
-45
83
88
75
91
-68
-7
60
4
-59
-73
-77
-14
-44
79
40
8
17
82
-39
87
-68
89
51
-90
-12
-24
-74
97
-14
-99
-93
-51
-10
28
-19
30
90
33
14
-55
-46
-11
-97
-57
29
-13
-78
-93
42
-41
34
7
91
95
55
46
71
83
-33
-59
9
8
-24
-59
-58
-51
-4
35
-16
-69
32
71
35
-4
-52
28
23
51
-86
87
40
-6
-54
94
95
30
-20
-11
30
-46
26
54
74
49
-40
11
-66
70
74
-89
6
8
38
34
-29
62
-26
17
69
-50
-94
-90
-8
84
-2
-63
20
7
76
-67
-18
-21
-64
-80
61
-86
-79
34
-30
91
-80
25
-5
36
-87
95
34
-84
-15
-77
-62
20
20
60
19
-88
6
-24
46
48
-39
52
20
49
82
-62
99
89
64
32
50
10
54
60
9
-17
-14
91
15
81
-20
-63
26
95
83
64
-70
43
5
58
-51
-43
-16
4
14
51
-55
7
79
47
-41
-79
98
-9
99
-38
-65
15
25
-47
98
-99
65
-67
59
90
-33
-15
97
-80
-58
33
56
-40
94
94
-34
-87
-7
-56
-14
-45
-25
-16
90
91
86
-81
-27
-88
-1
-71
-13
-83
-88
-78
-80
42
27
51
40
32
87
-41
43
-60
-98
67
-21
9
64
55
58
-76
72
-45
7
-82
31
96
-28
-32
-30
-73
-60
-46
95
-74
-92
-76
22
95
60
45
-69
53
-96
51
-76
25
47
53
-88
-85
-3
-26
-35
35
-80
-33
55
-41
-79
20
-21
-69
37
12
-46
94
-46
-5
58
-94
-46
-3
54
4
7
-2
-81
-38
71
-23
-24
12
56
39
-50
-56
47
64
-33
-7
1
-41
65
-61
85
-50
-54
79
-28
86
74
-57
-9
-87
-86
-53
-51
46
-32
35
82
-23
57
-37
38
70
-81
65
-52
-12
-85
-24
2
17
-60
91
23
33
31
59
-80
45
94
4
-8
-87
-72
-92
-42
79
84
-89
49
62
-7
85
-76
-60
88
65
-81
12
83
-32
75
24
93
-45
-5
-12
12
-59
52
-52
9
-45
-61
9
16
-22
-60
-47
-82
56
95
-49
100
17
45
-84
-5
2
-10
55
-99
55
-99
-50
61
81
-85
90
100
67
-67
-74
78
-3
22
90
75
-46
24
66
26
-93
-9
57
38
-8
-96
-88
79
-63
87
74
-8
-16
-48
77
37
-4
-57
-89
84
38
61
62
-53
-59
-27
-24
-89
90
82
-27
-51
73
52
59
-51
-57
96
3
-70
53
96
-28
79
78
-36
-15
-91
40
-71
-87
83
-21
24
1
-78
-23
-92
83
75
-69
-6
15
-43
41
14
80
-33
-88
16
9
-25
-4
-7
1
-12
-70
2
82
56
46
-81
-18
98
47
71
50
76
74
-71
-18
87
-93
-43
70
98
-51
-48
50
-26
-48
0
2
-32
93
-45
53
13
-49
-30
-63
-57
-36
-87
-64
90
3
25
64
86
-84
82
42
42
-59
14
41
55
-100
99
-85
-5
-43
-49
68
-67
-46
-53
8
72
-98
-95
-78
-51
-36
53
0
48
-82
76
-67
-2
2
48
45
96
55
0
-60
-18
44
-71
96
-59
43
-1
-96
-61
16
-41
-98
51
-9
59
-71
-74
93
99
60
-89
87
-16
37
91
71
-73
-44
-17
-14
98
20
-36
57
-3
47
-64
7
-82
-37
11
44
69
39
-56
16
18
20
40
-57
-24
-33
32
-70
49
13
16
-39
94
-69
85
-1
19
59
16
23
26
-67
-16
-12
-60
-15
4
-89
46
-96
-72
-57
-65
-94
-72
-16
-76
-58
22
29
-87
-98
-18
62
43
37
-1
-54
-86
57
-35
-96
-86
15
-81
-93
67
22
66
66
-57
30
24
11
4
59
-74
8
83
-2
61
-98
46
95
88
54
-14
34
52
77
6
-83
-25
19
-57
44
-80
-50
-53
-74
-5
-64
-57
-31
-96
8
-83
19
-61
20
-73
58
-21
38
-41
-15
66
-74
-50
-64
88
4
40
13
-28
79
35
80
69
-15
39
-39
100
-36
-8
-9
10
-2
-58
-27
92
-88
-100
16
-48
13
-74
63
7
-37
7
-94
-1
-65
9
39
18
-76
-62
20
-80
-40
-87
41
-24
48
-31
77
-71
79
99
65
-68
91
8
59
26
42
25
11
-65
62
26
-8
-67
-54
49
93
99
87
-97
-73
-42
60
-86
51
-89
-25
57
-56
-1
88
5
75
98
92
-58
83
93
-64
85
48
-37
-30
-59
75
46
53
63
50
51
-35
-52
36
-2
65
-82
-63
-52
7
44
-25
46
-45
-89
60
23
68
64
20
-10
-54
20
41
33
4
63
87
-45
-77
-19
84
-72
-30
-72
-99
25
55
50
-61
-54
-32
-33
-88
-45
43
-13
-10
99
95
-10
40
-26
-28
99
-76
37
32
-77
13
43
42
-83
-60
67
-64
-38
-78
23
-41
-3
89
-39
-2
57
96
17
-38
-33
51
58
-13
-94
-13
16
4
-38
46
-90
-5
12
32
-85
-63
-79
-84
81
0
-62
-2
34
57
86
-23
94
78
67
-66
16
52
-27
-83
-23
-90
61
-32
-44
-41
-27
-49
6
-4
82
-51
-72
-58
61
-30
-19
-4
-51
86
24
88
75
-49
-11
32
12
-100
39
34
-17
-15
32
-95
-72
17
24
-54
79
-16
-75
28
44
-6
-28
-64
-71
2
-81
9
17
42
17
-56
14
-45
18
90
-50
-84
-80
-42
42
-29
-98
90
43
-69
48
86
-47
-96
11
74
-3
-29
82
74
-65
-79
-20
-83
-60
-56
74
33
-41
-18
28
11
-78
-13
-47
61
-78
-25
-29
-100
43
-54
-78
33
36
24
80
-57
59
46
-56
-45
-98
-32
20
89
-100
17
23
-32
10
87
-67
-71
29
9
81
78
-36
-5
-64
84
-77
-40
-41
-38
-46
-60
-28
26
-43
11
-39
-6
-15
46
-73
-49
-15
18
27
58
-79
2
-86
-74
20
-65
67
17
-14
38
20
10
-75
28
-25
72
44
9
-34
13
-50
-63
-88
-60
-54
65
46
27
-77
-18
-70
-59
45
-75
63
-98
-58
30
81
20
-82
28
-78
-7
-66
-1
94
45
9
62
-21
6
-30
-88
-71
-7
-52
66
-57
88
-100
74
-40
10
-16
55
55
-10
26
53
-26
-60
-82
59
-42
-2
-100
-82
-81
27
92
42
65
-52
100
-39
-57
91
-76
-15
-19
-24
-61
-61
-53
-50
80
-71
-9
-29
-39
36
-83
47
51
-80
-78
-88
-78
34
-55
-59
17
-20
-64
-4
75
53
10
-22
75
19
29
-26
-94
-79
71
-71
-96
76
-97
21
67
-32
51
39
-18
31
77
28
-31
23
-31
63
16
-69
86
47
-97
-60
-35
69
58
-49
3
-50
-10
-17
-88
73
28
11
-68
68
-49
-12
-23
-44
-2
57
10
-35
52
78
-67
90
-78
-57
-25
-1
-79
65
34
-82
67
-10
-72
-87
94
4
-3
-52
35
-73
-42
12
-52
56
-4
-72
-92
24
-37
-29
-77
50
4
-83
-13
41
3
74
-79
-74
-21
-42
-29
74
99
58
-10
-17
93
40
63
97
31
-96
89
-56
-58
-88
88
95
-69
72
35
-46
95
-16
-49
-52
21
77
-29
50
28
-53
-82
90
-12
78
-41
-23
-52
-30
-100
52
-72
-40
39
83
-40
-21
33
40
-17
-40
21
80
12
-89
88
-64
-55
16
-22
33
-35
-13
80
-78
-99
86
-18
20
-66
53
33
-4
59
29
55
72
46
-84
73
-17
-23
-65
-58
77
41
-16
45
7
36
80
65
-55
68
-59
27
41
-100
1
71
72
20
-43
21
41
-65
-50
-40
-34
92
-9
-38
-23
-6
37
22
-7
56
-35
-48
-59
16
100
-94
-83
7
4
52
15
-68
50
77
-33
-64
-49
-54
-51
-19
58
3
-64
-20
-12
-59
-26
-74
73
22
100
8
53
91
78
-45
55
4
54
42
19
-21
-73
-87
-47
-55
-45
-79
88
-91
-35
73
-96
-1
73
-96
-67
-41
-13
27
-10
68
89
-100
78
85
86
67
-44
-38
-12
-14
9
1
-96
36
-15
-68
-89
-18
45
69
-17
-6
-82
92
56
-78
50
-30
27
-31
9
-50
17
22
-67
58
-79
-88
1
49
-100
42
34
11
32
-77
-99
-90
92
19
-67
74
38
85
98
-13
86
-97
-64
26
-37
-72
-30
-36
77
19
-73
-41
-22
35
78
87
51
60
-11
42
22
75
45
-14
-30
-2
-62
59
74
-42
-52
-14
-91
35
65
28
-13
38
-3
53
64
-98
-88
40
-65
-42
-69
-78
70
14
59
-87
73
65
12
-47
-61
29
-11
96
13
66
-89
16
-70
-23
-94
28
-39
-35
85
-72
-5
99
61
-82
-17
-60
20
-4
-87
-28
79
-77
32
14
72
-64
-21
-94
-7
-41
35
-76
12
88
92
-38
90
-77
67
28
-26
-83
41
61
-36
-54
-33
-27
30
-100
54
99
-28
-63
87
44
-12
-65
63
-32
-71
-89
-67
30
-85
-62
-1
-5
-62
-16
-40
10
24
-41
68
-13
-83
27
-55
-77
-78
-61
-40
-13
-75
12
3
-14
32
52
57
92
57
-10
-46
32
-66
75
65
81
-20
72
73
59
80
-49
-86
-22
-44
-19
-1
-20
-76
96
-88
8
-65
-40
-22
71
98
40
12
-44
44
47
33
95
-16
46
-29
61
-63
-3
-59
61
41
44
-36
97
6
-3
34
26
-74
46
-1
30
-94
-79
-29
11
13
94
-80
18
-78
7
19
66
-1
89
19
-59
-96
-29
30
73
-82
8
52
79
30
-23
25
-78
97
98
-41
-72
-44
-72
68
30
-51
30
22
-71
67
-54
14
6
5
-73
-59
47
43
-39
-87
-72
82
-31
-88
-68
-69
34
37
-2
-46
83
23
14
57
98
-79
54
13
46
54
-74
-99
-55
19
54
37
-21
19
19
30
80
-82
89
-62
88
65
27
88
-87
-33
-24
-7
93
-66
-2
-59
16
13
98
7
-87
66
78
44
-14
47
9
-5
91
50
55
88
51
82
54
58
5
5
-73
-89
65
-10
100
-65
53
22
-63
57
-28
25
29
-46
94
54
24
5
14
-94
-20
-97
23
57
-27
-84
-73
-50
-2
-86
-85
77
-21
-18
-32
50
-35
-16
43
71
39
81
56
-66
-23
57
-33
-33
-70
71
-69
62
20
-49
1
-3
11
8
6
13
90
-47
46
2
-41
75
42
-7
44
-91
-65
-9
-66
99
-69
-70
-85
-91
-87
85
-7
-40
-95
96
46
92
-61
3
78
14
-29
1
89
22
-52
19
-42
44
-34
28
-57
51
3
46
74
10
-20
-81
52
-80
-44
5
-75
-97
0
32
1
40
-52
89
88
85
-60
77
-12
69
52
-80
-72
-97
17
5
-71
49
-93
-7
-6
63
-51
-16
54
-32
97
81
15
-65
-52
11
93
98
57
-79
-79
-92
-7
-90
-59
98
-25
-91
63
-36
98
64
95
76
-81
-33
91
19
23
23
-93
42
99
-63
93
60
92
-98
57
85
80
80
35
-2
93
65
-90
92
-76
81
54
46
-68
-43
-28
-2
9
85
74
17
-42
-57
-30
-42
39
61
100
-76
7
-90
15
71
62
-69
-71
94
-51
34
-52
41
74
79
94
98
34
-72
-20
-2
-100
-76
37
-94
-52
36
23
99
7
60
-45
-12
40
-66
-88
-87
-87
26
-11
46
-78
-92
-9
-36
34
29
74
80
-67
-82
-94
-95
2
-16
46
71
43
-48
61
-72
-48
31
-39
-19
-30
-10
30
23
-51
11
32
64
-56
39
-56
57
18
-63
10
50
-97
-41
24
30
89
-71
-54
99
14
42
-33
-1
-61
-57
-54
-7
-62
90
-39
-99
0
-22
-30
-16
14
61
11
33
67
34
56
39
90
-100
-54
-28
-16
26
92
78
-63
56
85
0
81
44
-97
-48
63
-89
71
98
-61
81
20
47
-5
47
-63
-57
93
40
30
-92
-97
43
43
-12
-52
-29
30
-97
-79
60
0
61
60
-91
-71
54
-15
-18
68
15
-74
-47
-65
-9
5
-35
-48
73
-31
13
-40
-88
-7
68
17
-44
79
-92
10
-23
13
-14
47
-56
-57
53
49
25
-25
36
-10
10
55
76
-70
30
-98
55
23
62
-94
89
90
2
-7
-61
-73
-60
44
6
2
-21
32
-6
94
88
-44
-5
56
7
74
-28
55
-87
95
-39
47
43
-8
-14
-66
13
-89
10
49
60
-78
3
99
-2
-21
71
76
57
-100
-51
6
-25
-21
-84
-97
80
43
-53
-88
-7
-96
-75
2
41
78
99
-45
33
90
-29
98
-19
-55
78
-53
-41
1
-45
77
-73
76
-47
50
-3
2
-55
-75
-46
99
-19
-95
56
66
14
58
-67
-60
-4
-69
19
83
0
5
-38
48
-94
-36
-6
4
100
76
51
-3
8
-64
92
15
-85
35
-68
33
90
4
53
-84
76
19
-7
39
-12
-72
-61
-36
-70
-27
-2
-63
9
-58
53
85
-82
70
-72
91
47
93
-74
87
49
81
-92
-39
-12
-34
80
-25
-81
83
-81
-36
-54
0
81
-25
43
61
26
9
-14
2
29
80
78
-71
82
-74
-35
51
75
-50
-2
46
65
91
-58
10
79
-89
-55
16
-81
89
87
43
-35
43
-74
-44
31
-32
-79
-60
75
92
-91
73
-59
67
-60
-23
67
-85
19
-77
-50
-19
-76
-62
-19
17
62
-100
-16
-60
-51
87
-45
25
-85
19
-5
64
-96
-16
39
-60
-45
-64
-65
78
-70
-29
-43
26
84
-51
-37
-76
-68
-58
19
-93
-24
47
82
72
-56
-97
-97
100
47
-53
96
63
-97
68
12
-39
-1
-55
-44
55
-5
95
-88
18
-49
-65
73
64
29
-59
10
68
-99
47
-76
98
31
90
7
-66
-88
-15
61
74
-77
20
100
-48
-59
-66
-85
-93
-17
0
-91
30
74
-15
-73
-62
72
-85
-85
-98
79
-83
20
-59
37
-33
28
94
-23
26
-91
81
82
-76
-14
64
-9
79
23
37
85
-80
-70
-39
26
99
-63
16
-27
-85
-99
-72
23
51
-26
44
100
81
76
-67
78
-95
-58
-95
-46
68
88
-27
-63
83
65
-31
43
-35
-38
-65
-51
-69
-52
-19
34
21
-21
-51
-78
-41
-77
8
-50
73
-63
-41
-34
89
61
80
69
-38
60
-95
96
-24
-65
-95
-88
-85
54
-6
78
-2
77
-69
3
74
81
-100
84
-55
91
-95
96
-25
-52
59
88
-43
2
85
41
-65
-90
-40
-95
-89
63
80
2
22
-14
23
-22
-50
76
74
46
51
-45
-100
22
-88
27
81
34
-10
-96
-90
42
-98
30
-24
60
-30
-82
52
80
47
-100
84
15
56
93
-20
69
-52
-19
-70
41
66
-27
78
70
-14
-14
73
16
3
34
21
-89
36
19
-14
-66
-37
52
-63
51
44
-78
61
-58
42
86
25
-39
97
90
-8
97
64
55
63
-76
-37
-31
-71
38
82
-100
85
40
69
-57
27
-45
43
6
60
-8
-55
-95
49
49
-56
100
62
-95
-64
70
-31
73
60
-38
2
89
94
-75
-82
61
22
35
-39
-88
-95
11
-38
90
-65
-72
-88
88
46
-81
-83
12
-17
-66
-83
57
-22
29
13
-16
-30
39
86
94
-99
61
-24
-41
-74
35
9
-71
-23
79
23
-88
-65
-1
100
5
16
-42
94
0
-23
43
-53
-35
100
12
17
25
76
60
-77
15
79
14
-62
-54
2
-65
-68
31
70
34
-81
-64
-23
72
-5
-10
21
-33
-73
-36
14
-97
45
-53
51
-22
-7
-62
40
78
16
10
35
-39
2
-9
13
88
11
30
10
84
88
-75
-29
47
-59
88
39
15
4
64
24
94
13
9
48
5
-37
74
18
11
52
98
0
37
78
-29
-93
-59
23
-82
8
72
34
79
18
-52
-39
-55
59
-39
-39
9
-43
-55
32
80
-28
29
32
86
-88
-72
56
-37
-65
-7
-37
-98
12
-79
-39
-64
-9
36
-37
64
-71
-44
-80
1
32
29
-34
-63
92
49
-65
-91
-40
42
72
-91
-96
-55
-93
-53
-61
87
-1
-34
-93
-37
-59
-20
-89
30
76
12
43
-75
-48
-48
-47
74
-38
70
-18
69
3
39
-88
-63
-44
-56
18
-32
31
-79
41
12
48
15
57
-33
28
14
71
-13
8
-5
-25
-41
-36
62
-34
-12
-45
-34
-71
-26
22
92
95
24
1
-87
-51
33
-4
94
-50
-40
-21
4
29
39
87
-21
29
72
47
-36
87
-71
-10
-29
58
22
-76
-85
27
65
-4
-90
36
56
-28
-19
73
82
42
-36
28
-19
-63
-10
86
-100
-75
-36
2
59
29
-17
60
12
43
64
-40
-11
-26
4
10
-21
64
-55
-5
-58
34
15
88
-3
-49
-27
-80
28
97
-8
-2
77
-11
-42
-76
1
59
19
81
-63
76
91
-39
-68
-10
-91
-14
-75
81
-7
75
-22
-24
-92
78
14
-50
65
41
-30
91
45
-45
-6
26
97
26
-24
5
13
97
-94
27
-67
-30
-21
87
13
-53
23
-94
35
79
54
-89
-15
-56
13
35
58
22
-83
61
-80
50
62
-98
-78
27
13
29
22
55
-89
-81
-70
-23
-64
57
61
84
94
88
-45
-67
44
34
75
-21
85
-47
-69
82
72
-62
63
74
-58
-20
-33
84
28
-9
65
20
59
-51
-83
-28
80
41
37
-18
-37
15
3
40
8
19
17
59
-3
-79
-31
-38
-7
70
73
74
72
71
99
-26
0
46
-9
80
0
-72
38
5
47
-29
71
90
51
34
49
-18
-14
55
61
47
-62
4
69
-83
-91
-73
-80
-99
-3
-8
-64
-60
72
63
19
-21
59
84
-34
-4
8
91
64
63
-79
-44
76
-26
-92
82
-6
-68
-84
-49
66
58
55
-35
-7
31
13
69
-45
-7
-41
-4
-85
-82
14
-86
27
16
-15
62
-68
97
64
19
47
30
-93
64
81
-46
47
10
5
81
100
-2
30
-61
-92
-99
-29
-10
79
-100
-78
68
-16
67
68
-92
-86
51
-31
93
-68
91
46
9
-95
63
-1
-75
-97
-94
-82
-35
-57
-4
4
-90
22
-100
32
-55
3
-40
80
-59
-69
14
0
89
49
91
-90
27
20
95
-42
17
-79
42
-99
-91
-10
-91
-94
48
18
-49
31
59
4
58
-15
-2
97
48
45
-2
0
21
-84
23
-22
85
17
81
84
96
-48
35
41
-37
-4
-8
31
74
32
-94
-73
-92
35
-87
-29
94
-93
-22
-88
43
-63
13
18
82
80
-51
99
-97
-98
3
17
-56
58
23
-76
-81
-73
67
-10
62
25
58
73
-68
-95
75
18
-64
-18
81
-57
11
-65
-97
-76
9
83
75
2
-81
-32
31
-27
-69
-85
-27
-53
1
6
-64
-33
58
81
-57
71
-82
-53
-76
-46
-40
-64
-17
33
-6
-23
34
71
-54
51
-96
-21
-41
12
10
-58
40
21
-36
7
100
-69
50
-22
64
65
54
99
-79
38
-73
-88
-25
-4
0
1
26
-44
-63
-54
-11
-57
-70
37
77
-39
87
25
11
-23
30
-91
-41
-7
-47
42
15
2
77
-18
27
-31
-72
36
12
94
-6
51
27
99
-82
-52
-94
76
87
-95
8
72
18
-29
77
-55
57
-1
-47
27
77
12
-98
17
-93
11
69
-62
28
-45
-55
-41
-48
83
86
75
61
88
64
-16
-50
60
-75
-72
-13
15
13
39
30
-59
-12
-46
1
-87
-80
48
-76
67
-9
78
3
36
20
-85
94
-16
7
31
-46
-34
-37
-41
81
-44
55
83
78
-18
33
-62
-24
-82
47
-11
-69
-82
50
53
-10
84
22
-52
-96
0
41
35
-8
-93
-75
11
-1
59
-83
100
-3
-41
13
-54
95
-85
12
-97
26
99
14
0
-59
4
-60
-93
32
-30
-83
-26
-55
89
86
47
-92
-99
-88
42
100
100
-26
-72
-34
-85
-76
-67
56
-60
-2
-60
42
-78
91
25
4
15
39
62
55
-10
61
91
-97
-56
-92
21
72
-77
-72
80
41
95
72
-53
86
-45
61
-17
-93
51
-13
39
-73
-17
100
75
-96
87
-27
64
100
-94
32
-58
-39
-95
-64
39
68
-36
59
66
42
89
55
53
-2
-55
-94
-63
-13
-38
-88
-20
48
92
-73
55
-74
77
45
20
17
18
11
-66
93
-93
-66
58
-80
9
-14
60
59
13
-42
0
40
-99
-39
-34
-55
-23
-17
-51
54
42
-90
-35
-15
-90
-15
-77
93
-100
58
85
-29
-42
-87
4
91
-96
-92
14
44
33
-62
-74
-25
27
-14
70
1
-95
-27
53
-32
-99
74
-39
-62
11
-79
5
10
69
35
-38
52
2
62
-87
60
-5
-36
79
-52
49
-49
69
-55
-18
7
-13
-19
-53
52
-65
95
34
-5
90
-44
-53
35
32
-71
-16
88
-79
50
-73
-89
14
-91
-72
-46
38
-10
4
-3
55
-69
35
-28
47
60
-56
75
72
26
-67
-68
-22
-89
23
62
-92
29
28
1
-72
52
84
49
-12
71
29
95
-95
-52
-42
40
5
32
-70
13
44
-88
-79
33
-20
-61
38
-82
30
-25
86
50
-90
-33
-64
31
0
-16
-54
0
16
18
-33
-76
89
91
90
87
-4
98
99
31
75
41
-92
22
3
-59
71
97
-74
-83
-81
19
-57
-45
-69
86
-12
-44
-16
-83
15
-67
-45
52
56
-89
48
54
-100
36
62
-99
-32
-5
91
77
-88
57
-25
19
-6
-41
-19
-70
12
-28
83
26
-100
77
-30
-56
-72
-70
-45
-10
47
2
50
64
20
17
64
61
-2
-4
-3
-72
32
-66
-68
-45
-62
-78
-77
-64
-62
-5
-53
-6
63
-38
87
-68
-45
25
63
-10
-1
36
-47
-40
-100
-96
-57
-31
16
-22
42
-29
-88
87
51
86
39
-20
63
94
29
-84
-69
-25
-17
16
-24
55
54
-45
-70
54
-68
-21
69
-98
-23
75
-67
23
25
-23
-25
-74
17
39
-35
-50
-87
80
95
-67
-59
86
-84
81
-3
83
-49
-33
-11
-34
-88
87
-17
71
59
2
53
-95
11
10
-90
1
-57
-88
-92
65
-88
-99
-6
91
76
-30
26
-34
83
-20
-36
-12
-37
57
54
-50
33
67
95
93
-42
9
96
86
1
91
-70
-50
70
-27
-20
-44
22
95
-63
-59
-34
27
-46
15
33
7
53
70
69
0
-59
8
-36
-71
-31
45
-20
-58
-61
-92
97
97
-16
92
-4
-28
-5
48
87
-90
85
7
90
24
55
39
96
82
64
-29
-20
45
59
-63
2
-4
79
-84
-22
-24
-90
9
-40
80
-34
-18
-96
-44
13
-61
-52
95
-29
-16
39
12
-42
-81
34
98
97
-66
27
-21
70
-57
-26
35
82
5
-83
-69
82
81
38
-15
-2
56
-49
88
68
-41
-41
-27
-32
26
73
-28
4
44
48
10
49
-44
-58
2
-15
50
95
88
11
60
30
97
-19
-33
76
10
-74
95
40
-72
-86
81
-86
70
62
-28
-21
-2
4
33
49
84
-95
-50
-95
7
80
-73
-72
-88
88
-31
71
-57
38
-89
-21
-67
74
78
63
59
39
-30
-87
30
45
-26
40
56
37
69
-40
100
-90
-54
-6
-53
-53
52
44
46
-83
50
-15
63
-98
0
-66
44
-63
11
0
35
70
-7
77
-42
31
69
94
-24
-69
13
20
-12
-1
-44
-22
-25
-54
30
4
40
97
51
26
-88
-21
46
-72
-65
-51
95
26
69
-89
-93
-31
-5
56
-6
91
-5
-64
93
99
5
-54
-78
21
-9
98
-82
56
93
73
-6
-14
-27
-63
63
-68
72
-80
42
-26
-63
75
11
12
67
-90
-83
98
40
-75
53
-58
-58
80
-43
72
-14
47
64
95
-28
37
-64
64
24
12
-24
48
-76
-5
-17
75
41
7
96
5
59
-40
64
-71
32
-91
52
-97
-50
97
-63
-14
99
86
66
-40
-100
-89
48
-87
-63
-18
12
-79
-89
47
-73
-57
-82
56
21
1
38
24
-32
-38
-49
-36
48
87
82
-70
-9
-84
-60
6
45
-87
14
65
94
66
78
63
7
-85
-12
-8
79
-88
-69
-47
-93
45
54
51
37
83
-6
-11
53
-30
-100
36
-57
-87
-35
97
88
12
76
75
-8
45
37
19
52
-37
-98
66
82
83
-49
59
-61
36
-58
-63
93
-93
28
95
12
34
69
72
27
-31
-45
-76
17
22
-99
6
-83
65
-67
40
-63
-69
72
-55
32
84
16
-18
62
23
27
77
89
46
15
-40
19
-64
57
77
-7
87
60
96
-94
63
-79
-61
-27
78
49
53
-84
76
0
9
54
61
-70
67
29
1
-62
14
16
17
-55
-74
-68
-64
-82
75
83
-45
57
-25
-41
-87
-100
-75
47
-2
-36
-25
73
52
71
52
46
-27
14
37
-33
48
37
-33
-63
-67
-27
100
-24
18
-69
97
-42
93
6
-85
59
86
-5
-56
-34
52
-5
17
91
-91
-82
26
-82
99
75
18
37
-93
92
-24
-68
-31
56
79
-42
-78
2
-4
-37
-65
54
-51
-78
-41
-60
-22
90
-33
33
-25
-41
89
-72
45
12
-43
-59
99
-40
-22
-35
96
-30
68
-74
27
-65
-48
33
8
47
-74
-76
94
-38
-97
-84
-100
80
29
-78
41
-77
28
2
36
-7
30
54
72
-47
-70
-54
-60
78
73
-1
77
-22
-77
42
70
91
-78
96
-26
-70
-94
17
91
-2
-39
91
-69
-71
-71
59
37
94
43
-92
38
88
-86
-66
-39
90
32
-100
-65
27
-40
86
-73
-5
-88
-1
-49
-85
98
-63
0
27
42
55
57
56
-55
-42
-66
97
93
-85
-17
24
-55
47
77
-56
51
25
40
0
-15
66
92
79
-8
68
-2
-77
-41
-33
60
0
-50
-64
19
59
-50
53
-50
-42
-46
19
64
-96
91
-13
-45
-16
85
-18
-3
64
-67
21
94
-88
-49
60
-94
-11
41
28
75
54
81
-90
8
62
-81
61
25
-97
-50
42
82
88
-28
-58
55
2
97
64
77
-92
40
-40
-2
-51
-7
-91
-19
97
31
-52
-71
-67
-19
-79
-58
-23
-12
-55
22
-99
-40
-24
65
-29
-37
-49
0
-19
44
-40
-79
87
7
-81
-89
45
38
-94
-64
52
-39
-20
-14
51
11
-11
87
22
10
-42
88
13
8
92
-71
-65
98
-47
35
-71
-37
-94
-41
18
8
23
14
-14
46
56
44
-35
55
63
-39
95
41
63
15
36
-20
75
-36
-85
95
56
9
-52
31
-73
20
-36
78
75
36
-23
-82
13
-28
-49
54
22
37
60
46
20
-58
-64
60
55
78
-36
-82
-9
32
60
50
-49
88
20
14
40
-22
-63
-39
-63
-74
23
-73
-24
-23
1
14
-60
-44
-67
95
49
36
69
-80
10
48
-10
7
-10
-28
-27
-92
1
63
24
-93
74
20
-90
14
-36
82
27
-31
-18
-3
-19
-10
-36
-20
-63
3
-61
41
63
29
17
7
35
-67
-47
-44
-75
-84
-63
53
-52
-41
10
-13
-73
8
33
91
49
-47
99
-14
17
6
-38
-32
16
57
14
-10
-100
88
65
30
9
-40
-86
-55
3
-82
13
61
84
-90
-87
88
54
49
3
60
6
52
41
71
11
-25
2
-54
99
-44
-29
-76
-29
55
65
88
59
10
61
-93
-21
-98
-17
-36
32
-40
85
-33
-26
29
8
-17
66
-47
-22
-61
-16
-1
-75
59
8
-45
-27
-22
-95
-96
45
-18
-2
25
10
57
-29
89
26
7
96
-21
-88
10
-72
19
-26
100
30
-77
33
-18
-39
80
68
-74
-52
-90
18
-84
58
-75
49
-9
89
12
-18
-59
35
10
73
-99
27
-53
90
-48
-18
3
-29
-18
-90
6
-30
-81
41
-37
-55
-15
83
-19
70
79
-8
-5
9
75
-24
-25
96
-93
-67
12
83
-62
75
-58
21
-28
-15
-41
-88
87
-59
36
21
-32
-23
94
35
85
-73
68
-30
-34
77
-48
60
95
-47
69
-80
-11
-13
-42
42
47
20
44
52
-49
-37
76
31
57
-5
-90
-21
-91
-7
31
61
21
12
0
43
82
41
42
-63
10
78
-28
-44
-35
39
97
-34
-89
80
-18
75
11
67
-86
15
0
73
-36
28
52
-44
-48
7
1
40
-97
-98
75
-27
49
82
-43
-8
-10
-36
-34
-85
-47
-75
-51
-47
37
-64
-11
-35
-32
65
-81
4
41
-4
9
-84
-44
20
24
65
-79
-71
-66
-8
84
-43
-56
16
39
-89
-59
95
70
4
72
96
-71
-99
52
-38
94
-19
-96
-35
91
-78
22
-89
51
-11
49
54
4
0
32
-25
-76
10
67
40
43
-85
-12
-56
-68
49
84
11
61
-56
-33
17
25
-100
-68
-10
-93
-66
80
23
99
-36
27
-85
66
-45
-6
-92
22
-57
91
67
74
55
-16
93
72
-82
-91
-34
-51
81
35
68
70
-64
2
-27
60
-77
71
-3
-9
-98
-68
-92
-15
-70
26
88
87
-29
-27
-97
-29
86
60
-78
69
24
38
-26
-41
15
36
-68
-12
10
-44
-75
0
-26
-60
49
-73
-44
19
98
-95
-63
-8
94
-22
20
53
71
80
-29
86
83
-26
-85
-7
97
-88
22
82
-92
67
-49
14
-57
26
3
72
1
57
-34
-56
98
-56
-83
26
25
95
24
65
-10
45
70
-44
4
-54
-16
65
73
17
-69
-38
90
-14
-94
39
83
-99
31
-20
14
21
-56
-93
4
-50
48
-80
97
-4
-24
50
67
45
79
-38
-86
94
-18
-85
-8
51
20
-32
75
-50
-54
-65
-25
85
2
-74
74
-9
92
-28
-50
-79
-68
-77
-8
-27
21
-7
3
61
65
5
-34
-88
-4
45
69
94
88
-21
54
-5
39
36
-58
17
-84
42
-6
-8
53
11
-59
45
50
18
37
51
73
-9
74
-4
-24
56
-30
88
-41
39
-46
16
-92
52
63
-22
86
89
-95
-94
-85
66
87
-9
69
-18
-7
80
-71
-40
-74
80
-65
-68
70
37
-15
85
-19
-92
52
64
8
-35
26
-74
-30
89
-33
78
-80
36
34
-27
35
-34
64
-40
-77
2
-58
17
-85
75
0
17
-71
-71
3
-74
-38
53
25
-58
-32
-8
50
-67
65
41
-66
-12
-6
93
-77
-22
-64
-22
85
76
63
-15
-15
-57
47
31
-44
-9
82
70
-21
95
-84
-38
-36
-57
69
40
71
-97
-23
-84
-58
27
-20
35
17
2
-82
-5
64
-91
3
16
53
66
-54
27
-64
-61
-20
-72
-49
-21
-85
-86
99
9
40
-70
-52
-18
94
-34
89
57
-19
-22
25
-11
47
49
69
-50
98
90
51
60
91
-46
55
54
-48
39
-43
5
49
-34
-44
-95
-39
62
-68
-52
69
59
38
75
-18
37
-70
-3
5
33
89
8
-13
99
95
57
52
53
-10
-9
65
-61
-12
71
10
-37
-39
-76
-56
46
92
-61
-51
40
-89
-2
-9
-7
1
16
-47
46
-84
-34
94
-80
88
-36
-59
34
65
-64
-63
56
44
-38
89
34
81
56
58
41
-28
5
-54
-82
-19
-51
60
67
85
68
48
59
90
1
10
83
-97
-65
97
29
82
68
-18
77
67
-23
0
26
49
71
40
93
-60
-53
-4
-56
81
-95
12
-90
29
-63
-54
-94
-100
20
-86
75
22
64
94
71
65
-63
26
-4
-56
-99
80
-27
-39
78
57
-70
-64
-37
55
-74
-9
-31
63
25
75
9
53
-51
71
-46
74
13
93
-22
-48
-27
23
-14
26
-89
-58
58
4
72
-33
22
9
-66
53
-67
-24
-96
-77
4
-14
-32
-52
60
97
-11
91
-8
-59
-43
-79
-30
-18
90
-60
-24
-73
-56
-44
-33
99
89
-44
20
-55
-22
100
4
6
-59
83
-39
-72
-44
