46
52
53
57
55
53
57
48
58
49
52
53
48
51
48
47
53
54
49
53
43
49
52
52
53
52
48
54
42
55
42
58
47
51
42
48
52
50
59
53
57
49
47
50
47
56
43
57
60
52
52
53
51
45
47
42
44
41
48
58
43
62
39
44
43
47
52
44
60
52
50
46
46
51
44
46
49
51
51
34
48
49
41
46
40
50
50
40
48
52
51
52
51
44
56
54
45
54
44
46
46
54
47
52
52
50
45
38
44
45
47
39
54
44
51
41
43
52
45
52
53
44
53
55
46
48
47
52
37
42
54
51
49
46
58
38
52
53
51
54
44
48
45
48
46
54
55
53
51
60
48
44
53
51
40
53
46
47
42
48
48
44
40
47
51
52
52
56
52
58
46
54
44
46
63
43
55
45
52
50
46
51
48
50
58
49
42
52
63
46
58
43
43
42
55
47
51
51
45
51
47
47
48
42
48
44
41
58
42
47
53
48
56
51
51
50
52
54
50
54
47
48
57
59
48
39
53
49
54
57
49
53
44
51
52
47
52
47
46
44
57
48
36
53
59
53
55
55
51
53
47
44
48
47
48
38
38
50
48
55
54
56
47
55
48
41
46
44
48
43
49
51
52
47
48
49
45
57
65
53
44
52
47
55
42
47
55
50
55
50
51
51
44
54
50
41
56
46
52
53
45
57
50
58
59
48
40
41
39
51
42
43
57
46
53
43
48
54
49
55
51
52
55
42
54
49
45
50
47
54
60
51
58
54
46
55
53
48
56
55
41
49
50
50
50
54
47
48
47
50
45
53
54
46
41
54
53
52
51
53
53
51
47
52
54
48
50
40
50
53
54
46
48
56
60
46
45
56
43
49
47
50
44
58
51
54
52
48
45
52
43
44
49
50
53
47
43
55
52
54
56
57
58
56
41
52
54
38
56
51
47
53
51
53
45
40
45
45
50
44
55
50
51
53
49
50
54
56
48
51
47
42
54
53
53
48
52
46
54
55
49
55
51
45
50
53
50
48
46
47
50
51
47
51
49
37
54
37
51
44
50
48
48
48
50
40
47
59
50
50
46
44
44
47
46
51
48
43
45
49
48
45
47
60
53
49
42
41
49
50
50
54
47
56
53
54
51
39
49
47
49
52
46
50
50
51
44
43
51
49
46
40
55
44
45
51
40
51
41
56
46
62
63
49
47
48
58
48
47
48
50
50
44
55
59
53
52
45
42
51
46
49
48
45
45
45
52
53
59
44
43
50
54
53
49
52
52
48
45
58
57
57
47
46
41
46
46
38
39
52
61
45
47
48
52
42
49
44
51
52
55
52
56
46
49
52
49
45
50
52
49
45
43
47
43
45
44
55
50
49
63
54
55
50
50
45
48
56
51
47
49
59
55
42
54
46
49
52
44
42
48
43
52
46
49
53
47
42
53
56
40
51
48
48
49
53
55
54
46
53
50
58
57
52
48
48
41
51
56
50
53
47
47
48
51
39
52
51
53
51
53
50
47
53
53
42
56
50
52
53
63
50
54
52
46
43
48
50
54
43
54
45
53
48
48
61
47
45
47
53
43
45
50
50
49
54
48
49
55
46
50
52
53
51
47
56
53
51
45
47
61
43
35
57
43
39
55
54
42
54
54
56
53
43
55
55
49
55
55
50
47
49
40
41
48
54
54
50
41
54
44
53
50
40
42
59
39
49
40
38
44
44
53
47
53
45
56
49
49
51
40
47
44
47
50
47
52
37
50
53
49
47
56
50
49
45
50
43
38
53
45
42
47
54
45
61
44
51
46
42
52
53
56
46
53
57
45
49
43
53
43
49
49
42
49
46
50
44
58
45
50
51
49
47
51
49
47
40
51
52
48
52
46
47
46
54
54
55
47
46
52
50
45
46
43
45
46
47
57
51
50
40
47
56
48
55
48
41
49
50
48
53
55
52
44
51
50
51
51
62
54
47
39
51
50
56
56
53
53
48
48
53
53
51
50
51
53
56
46
46
49
50
54
50
53
52
46
49
49
49
36
48
54
55
43
41
52
43
43
57
55
46
47
44
48
47
57
52
59
44
43
50
46
38
45
56
48
45
51
46
44
49
44
52
52
45
46
43
54
50
44
62
47
46
51
44
58
50
51
56
45
63
60
54
50
52
60
50
47
48
41
50
42
51
59
48
52
50
46
49
38
53
55
52
42
46
55
51
51
51
46
41
52
50
49
59
51
52
55
46
48
54
50
40
52
55
48
46
49
46
50
39
49
47
47
42
52
48
48
52
